CMAX: 228

Kolejnosc: 0 2 1 3


CMAX: 2976

Kolejnosc: 0 44 29 27 17 24 9 20 5 47 4 12 30 6 1 3 48 10 18 32 45 41 22 31 33 49 46 13 21 28 42 7 8 35 16 37 19 15 23 39 38 36 2 34 11 40 26 43 14 25


CMAX: 3665

Kolejnosc: 37 0 27 5 21 9 19 34 36 10 20 48 2 28 45 16 42 17 18 12 24 4 46 26 6 31 33 13 25 15 39 43 40 32 7 49 8 44 23 38 1 41 30 11 29 22 47 3 14 35


CMAX: 3320

Kolejnosc: 1 2 3 4 5 6 7 8 9 10 11 12 13 14 15 16 17 18 19 20 21 22 23 24 25 26 27 32 0 28 29 30 31 33 34 35 36 37 38 39 40 41 42 43 44 45 46 47 48 49


CMAX: 3191

Kolejnosc: 0 33 38 14 31 40 25 4 45 36 32 16 23 26 20 19 41 42 47 12 28 35 3 5 15 49 9 24 17 1 37 18 27 34 39 8 43 10 48 2 6 29 7 46 30 11 44 22 21 13


CMAX: 3627

Kolejnosc: 0 43 24 34 27 3 29 44 42 45 9 8 1 39 15 16 2 19 7 26 37 13 5 35 6 20 47 4 36 23 25 46 33 40 38 10 22 11 21 49 12 17 48 14 18 41 31 32 30 28


CMAX: 3446

Kolejnosc: 18 35 45 3 37 38 4 5 25 2 28 7 39 14 10 8 11 12 48 1 43 27 41 46 9 29 49 22 42 26 40 16 13 36 17 15 34 44 30 31 20 6 23 32 21 24 19 0 33 47


CMAX: 3821

Kolejnosc: 47 0 40 39 27 45 43 22 33 28 9 37 48 35 14 49 15 20 1 18 34 8 7 41 24 36 6 44 11 19 17 31 25 42 12 5 4 3 30 21 23 16 13 26 38 29 46 2 32 10


CMAX: 3634

Kolejnosc: 29 48 4 28 36 13 21 7 10 15 3 24 14 18 22 17 34 38 1 27 2 25 46 26 23 41 19 11 9 40 44 33 0 32 49 45 42 8 31 43 12 47 6 35 37 5 20 39 16 30